% # columns="iteration, evaluation, sigma, axis ratio, bestever, best, median, worst objective function value, further objective values of best", seed=782695, Mon Feb  6 16:02:28 2023, <python>{}</python>
1 6 0.6208039951392254 1.0000250003125026 36.310290436513974 3.6310290436513974e+01 45.84493118765741 52.84279739381148   
2 12 0.8438051811270152 1.6876207362430318 36.310290436513974 3.9600912691587496e+01 48.87664302566976 71.28347021185866   
3 18 0.7909283564642796 1.7608899290366065 29.936744053091257 2.9936744053091257e+01 56.447350348955524 67.93786790896067   
4 24 0.9964948433235178 1.8093306976815615 21.835860611653732 2.1835860611653732e+01 28.505351702038304 39.11885959747129   
5 30 1.6018643610975698 2.3741094830331444 3.608166939819898 3.6081669398198981e+00 34.179763150816086 43.40491045332458   
6 36 2.6445571627610125 2.490192003989634 0.01837276157983975 1.8372761579839750e-02 3.6821884578804887 70.74179222704791   
7 42 3.5128994221336565 2.4467429649589114 0.01837276157983975 5.8970285047137173e-02 4.1045761033744865 16.693230170859422   
8 48 2.919123197544738 2.8080668419172103 0.0036634833995334392 3.6634833995334392e-03 5.543578080099443 12.650403721490365   
9 54 2.7448177429639506 3.3270623653375306 0.0036634833995334392 1.2890615542430650e+00 6.099717800206061 61.02326002673631   
10 60 3.0098497228692214 3.4368065924138818 0.0036634833995334392 9.3382748786145317e-02 1.0621197350735239 6.414359172333666   
11 66 3.188430111951518 3.626041390673529 0.0036634833995334392 1.0462545453890748e-01 3.0130042246162962 38.015550233191085   
12 72 2.479029669519477 4.027791587735411 0.0036634833995334392 1.3500417633213297e+00 3.5105284741692278 20.899489968686158   
13 78 2.2495259101493614 4.641931781380255 0.0036634833995334392 2.7294720125054704e-02 1.1128431391901674 3.1019745206011407   
14 84 1.8839372254386262 5.480773468394399 0.0011558559305879048 1.1558559305879048e-03 0.31958495280188426 1.4024968392329769   
15 90 1.5873581236635967 6.949825227625226 0.0011558559305879048 5.5713128728119732e-01 0.9634485619680807 1.3933933147453197   
16 96 1.5207547656360203 7.384242386603743 0.0011558559305879048 2.6170483091944124e-01 0.8128323493582615 1.2182925071268371   
17 102 1.1794046067996327 8.344462805464872 0.0011558559305879048 1.1010134282107319e-01 0.4951296256421895 2.0043737695509516   
18 108 1.1329497555619699 8.679096265136467 0.0006105696174737399 6.1056961747373993e-04 0.2267655581414044 0.8726174340461623   
19 114 1.3312357527679821 7.913341996959602 0.0006105696174737399 4.1541186211763110e-03 0.026900451081947583 0.10725088971478215   
20 120 1.0944601511951326 9.246043567288645 0.0006105696174737399 7.1267709480674405e-04 0.028007245006228487 0.3432350971936553   
21 126 0.8638290711534606 9.988266791652602 0.0006105696174737399 1.4802623281038397e-03 0.047793487324835626 0.3231305496962326   
22 132 0.6923360842940096 13.122253841219056 3.5307899667734113e-06 3.5307899667734113e-06 0.0041775947199710565 0.09088186999192581   
23 138 0.49601813468839556 16.6764920942411 3.5307899667734113e-06 2.6858230041513689e-03 0.01386987360837524 0.044484463575609194   
24 144 0.38681238935371914 20.97282806507433 3.5307899667734113e-06 2.6564152764848042e-05 0.000122882288407477 0.004713663802851359   
25 150 0.40852294579152637 22.761356211510357 3.5307899667734113e-06 1.4375054178886116e-05 0.0005865421291926723 0.007704342243742634   
26 156 0.37673620306245653 31.1160708189505 3.5307899667734113e-06 8.4867932431327292e-06 0.0007718604145295129 0.0020521411627080293   
27 162 0.28406774208877744 41.29214217672035 2.691871694985238e-07 2.6918716949852383e-07 0.000632457306678023 0.00113058952437079   
28 168 0.22298067463232082 42.81034147419281 2.691871694985238e-07 5.0984069595940010e-06 0.00010768533832200151 0.001811024835271763   
29 174 0.21985614094661757 49.842505767264285 2.691871694985238e-07 3.0596072532538837e-05 8.711832298455268e-05 0.00014974349404949444   
30 180 0.22463856784292202 50.07031598027977 2.691871694985238e-07 1.6065522264702876e-05 0.00034023746745315373 0.0006905387126359138   
31 186 0.22571868462835204 52.96068362975553 5.163382430495019e-08 5.1633824304950192e-08 2.408894146624091e-05 0.00015934919594584943   
32 192 0.17830630907494738 49.388304122632086 5.163382430495019e-08 1.6538340060546557e-07 0.0001024720012376996 0.0001917815293483601   
33 198 0.21578961943179847 59.12138499732336 5.163382430495019e-08 1.4098819565695404e-05 4.6014328995246157e-05 0.00016132318392753667   
34 204 0.18400877410033195 74.35918582650892 5.163382430495019e-08 1.0708768216695269e-05 3.843065113692903e-05 0.00017102874139054275   
35 210 0.24364143285330947 66.43016237804962 5.163382430495019e-08 8.4851279344030905e-07 4.303514893571556e-05 0.00010473487136240111   
36 216 0.24627585434491164 115.87198323796564 5.163382430495019e-08 1.3724443737587752e-06 7.232155705767493e-06 0.000131264694070878   
37 222 0.23698895496776987 138.13328754784905 5.163382430495019e-08 4.1809273020104924e-06 2.8207189131746322e-05 6.558156090089693e-05   
38 228 0.19952371408854028 181.1584670113542 5.163382430495019e-08 1.7831854851556878e-07 7.938278572451882e-06 2.5032485367237904e-05   
39 234 0.17564976386062384 170.2337130446476 2.8876074172101574e-09 2.8876074172101574e-09 2.1374923406693123e-06 2.392481565327874e-05   
40 240 0.14206876341265642 204.34104958887016 2.8876074172101574e-09 3.0116578204355352e-07 3.983883660484343e-06 4.198329755574716e-05   
41 246 0.1274944012077944 235.88813845251448 2.8876074172101574e-09 1.2338813210894955e-08 9.281815429256764e-07 1.1896105570895378e-05   
42 252 0.13019214488573946 265.4171724267199 2.8876074172101574e-09 6.0441433366464896e-09 5.384120751005968e-07 4.167699309226119e-06   
43 258 0.11383847689529045 358.03244398419156 2.8876074172101574e-09 6.0842536026842589e-08 2.1018784393910357e-06 5.191591824420396e-06   
44 264 0.11288191675825726 417.55833924463116 2.8876074172101574e-09 8.8421787432187392e-09 2.5759036795485038e-08 6.517841191667286e-07   
45 270 0.10153022219263035 447.36225401399264 1.1212464533711336e-09 1.1212464533711336e-09 2.641697611861794e-07 5.400482478065798e-07   
46 276 0.09164417947395381 503.1450146180411 1.1212464533711336e-09 3.1613306186245067e-08 2.1318898536442313e-07 5.0167677967251e-07   
47 282 0.07258090817476526 583.0044237060355 1.1212464533711336e-09 3.1084196693711625e-08 1.3942829722772427e-07 4.468656075707776e-07   
48 288 0.06487570720529617 687.7648509449039 1.6007113557150253e-10 1.6007113557150253e-10 9.856665612909382e-08 2.65886430620501e-07   
49 294 0.08257097410013632 654.8005208669338 1.6007113557150253e-10 3.2607504099101744e-10 1.2204019188713328e-08 1.365544675962638e-07   
50 300 0.07424136013676985 1118.257354038998 1.3665429242199918e-10 1.3665429242199918e-10 3.228695220967058e-08 1.1791870246568768e-07   
51 306 0.06479873319830677 1172.450153221814 1.3665429242199918e-10 4.5248103459763131e-10 3.42936627177801e-08 6.93727414232339e-08   
52 312 0.04707283001722284 1371.6886858882096 1.1957267587844997e-10 1.1957267587844997e-10 1.0052331270138015e-08 3.718432647323457e-08   
53 318 0.03702842669214041 1621.8301607889573 5.50952742876215e-11 5.5095274287621499e-11 2.9605701027714383e-09 1.1020324107827856e-08   
54 324 0.03656882316941388 1707.8898171021942 5.50952742876215e-11 1.2304871691007955e-10 1.4496260021592467e-09 4.111018464991434e-09   
55 330 0.029926048368880007 2367.051983067049 5.50952742876215e-11 2.2890888434013017e-10 2.0026537510460934e-09 1.1021619468455109e-08   
56 336 0.02572259745330149 2756.1241491328224 5.636523720947174e-13 5.6365237209471741e-13 1.5255241386216458e-10 5.743191356264956e-10   
57 342 0.01835802546350959 3111.6780058054333 4.198373314075493e-13 4.1983733140754931e-13 3.786437290047878e-10 1.279249005332425e-09   
58 348 0.014900723384859687 4012.20758028092 1.7442875294647437e-13 1.7442875294647437e-13 8.641668353642377e-11 5.599520003667153e-10   
59 354 0.011427980431061607 4519.652897236442 4.693971834082434e-16 4.6939718340824338e-16 1.8545071315048472e-11 1.905912658687827e-10   
60 360 0.00906379496557603 4812.330094955196 4.693971834082434e-16 1.8055692366404738e-12 6.821176615195053e-12 1.6953020262894418e-11   
61 366 0.007155756554336096 4892.670056572289 4.693971834082434e-16 3.2682820929707941e-15 1.0779422634135194e-11 3.261574183203316e-11   
62 372 0.005947815556702015 6096.637049128848 4.693971834082434e-16 2.1715274634051436e-13 6.3171461781503555e-12 1.260305208143749e-11   
63 378 0.005264360752406667 6886.8672932563095 4.693971834082434e-16 8.1259027665191576e-16 1.081222082047461e-12 1.369926269878985e-11   
64 384 0.004683605412112752 8189.523848049788 4.693971834082434e-16 1.3300418221842725e-14 4.4292405466238253e-13 2.7004713059851445e-12   
65 390 0.004273225568883273 8308.607703443698 4.693971834082434e-16 1.4915276974810136e-13 4.955813609546203e-13 4.1432201208661236e-12   
66 396 0.0043267761795830395 9891.676241005543 4.693971834082434e-16 2.2226478746313020e-14 1.0824462019277563e-12 2.2973059643465577e-12   
67 402 0.003785355651026059 11942.30856360761 4.693971834082434e-16 4.7811869472913345e-14 4.228876220865852e-13 3.1437408255698892e-12   
68 408 0.0028859689848993483 14012.899438173603 4.693971834082434e-16 3.8349489804105705e-15 4.0398835832098075e-13 7.173602208836704e-13   
69 414 0.002194287500769528 13977.696607321237 4.693971834082434e-16 1.0704779637651617e-14 9.931983787898878e-14 4.2781455344712245e-13   
70 420 0.002323750715579221 16538.539242423118 4.693971834082434e-16 5.1208294898724468e-15 1.5343582726348304e-14 6.522201960752421e-14   
71 426 0.001833985889155688 19323.44292194058 4.693971834082434e-16 5.7385358795132171e-16 2.354155700648157e-14 1.6572186959632817e-13   
72 432 0.0013540187689763921 21796.550778461627 1.914465924211571e-16 1.9144659242115711e-16 1.1417396815686775e-14 2.940184392881174e-14   
73 438 0.0011664941569598665 26496.13693998928 1.1830607920302256e-17 1.1830607920302256e-17 7.384446495210437e-15 1.609987429607272e-14   
74 444 0.0008422678410295844 28517.704672950225 1.1830607920302256e-17 5.4971387749178609e-17 1.2471172814123128e-15 1.1782256619974973e-14   
75 450 0.0008629413633436882 33146.07976298654 5.3977012084971094e-18 5.3977012084971094e-18 1.976156184584209e-15 7.118070725087026e-15   
